100000000000886215484577
100000000000133966047728
100000000000381874433097
100000000000421593591974
100000000000540753165119
100000000000651614049902
10000000000061028130842
100000000000709253767714
100000000000510959017305
100000000000529430046701
100000000000858428721762
100000000000439799857305
100000000000490642229717
100000000000864344903595
100000000000616580091436
100000000000169283131008
100000000000867735490396
100000000000570393253230
100000000000167263178014
100000000000151837552088
100000000000687603458031
100000000000581431331500
100000000000519280001653
100000000000299999665883
100000000000592105013852
100000000000810553522019
1000000000009491572656
10000000000061544643179
100000000000713112403299
100000000000118586871821
100000000000176964022399
100000000000721595134392
100000000000217850625440
100000000000687933044514
100000000000532362550387
100000000000425723089452
100000000000170863979226
100000000000723275979887
100000000000616434497170
100000000000801557809272
100000000000596495145820
100000000000551288791521
100000000000788506299773
100000000000643856901997
100000000000204290195753
100000000000871496179905
100000000000745833000508
100000000000490298841730
100000000000321839102858
100000000000829394223987
100000000000223262221125
100000000000106685328710
10000000000081557686410
100000000000394575405026
100000000000382349008092
100000000000569922455827
100000000000181398856277
100000000000546981773545
100000000000276796088399
100000000000615630721330
100000000000206828541214
100000000000249067991391
10000000000056610126847
100000000000227803140963
100000000000545326771046
100000000000804551861309
100000000000815908934201
10000000000035798333940
100000000000735565990857
100000000000696207503779
100000000000442845733793
100000000000607020670796
100000000000514799416722
100000000000182879923789
1000000000005005451680
10000000000040878789638
100000000000542797310889
100000000000240344724818
100000000000765738216954
100000000000487523718760
100000000000403960924333
100000000000500863500841
100000000000556503825914
100000000000115706342857
100000000000722022239944
100000000000387061046199
100000000000462044565677
100000000000625151441452
100000000000730256224787
100000000000525332142121
100000000000811781704906
100000000000305417059373
100000000000812032677266
10000000000031553171156
100000000000161497434277
100000000000449373626930
100000000000495042677500
100000000000354821694374
100000000000112079887554
100000000000443241787277
100000000000359841378374
100000000000700712450153
100000000000265065959416
100000000000359732183480
100000000000264046679686
100000000000461139979209
100000000000655416310907
100000000000664249287394
10000000000062792303652
100000000000229702124401
100000000000322684956174
100000000000553446387085
100000000000769388916605
100000000000407376649129
100000000000719712066227
10000000000080277449379
100000000000219115125431
100000000000196141199142
100000000000612614196532
100000000000182899426940
100000000000460813979851
100000000000340524811663
100000000000737725153468
100000000000647084209136
100000000000679558473340
100000000000410551756178
100000000000529682692521
100000000000391993674914
100000000000179896562175
100000000000549922408719
100000000000550725529334
100000000000198041315984
100000000000329408137482
100000000000387546772356
100000000000776932913506
10000000000080155350434
100000000000857832404243
100000000000577436736191
100000000000300313942517
100000000000116530317675
100000000000285927165019
100000000000754884578720
100000000000784324657177
100000000000103268104603
10000000000090248969667
100000000000738649854957
100000000000255717733522
100000000000183350718704
100000000000771525320093
100000000000711751675899
100000000000527568407314
10000000000056197722588
10000000000067426972190
100000000000807164000879
100000000000185820464903
100000000000589728586915
10000000000055182108665
100000000000841105901337
100000000000694734233534
100000000000156483621936
100000000000369779999121
100000000000374717845965
100000000000311973588980
100000000000331745159356
100000000000441928723176
100000000000885178069598
100000000000824013885741
100000000000396357179905
100000000000522217544959
100000000000680080039334
100000000000591144507371
100000000000392420987407
100000000000162522398044
100000000000586388810379
100000000000740772867622
100000000000437516309992
100000000000569158822350
100000000000517009076226
100000000000435801697644
100000000000645050453459
100000000000871200833595
100000000000132887129719
100000000000527256756329
100000000000604594707134
100000000000336701776619
100000000000124874569716
100000000000842127933551
100000000000742376616953
100000000000826285825862
100000000000489675127833
100000000000735642533565
100000000000581106585246
100000000000491636199456
100000000000365445711097
10000000000093621186620
100000000000685279477551
100000000000591342583859
100000000000149716712879
100000000000162207229418
100000000000427548064798
100000000000749794889725
100000000000342850485860
100000000000331334233714
10000000000081820511450
100000000000893560650105
100000000000408380611208
100000000000139452884305
100000000000214745129704
100000000000269703933432
100000000000559096961132
100000000000518627656093
100000000000332664554069
100000000000578855901252
100000000000218200517495
100000000000228320461303
100000000000156711932013
100000000000230341039391
100000000000684078631635
100000000000253113008946
10000000000046829311027
100000000000327533964080
100000000000274464816025
100000000000767326095858
100000000000217011366411
100000000000114026127387
100000000000170787457307
100000000000826458216852
10000000000076461259766
100000000000603565559595
100000000000584969150971
100000000000553641874314
100000000000207458389181
100000000000635174472328
10000000000020296789481
100000000000705234438306
10000000000060616080721
100000000000775170983928
100000000000552976684208
100000000000675422552326
100000000000504671157272
100000000000431039778368
10000000000083768180485
100000000000150115127532
10000000000069029823264
100000000000105322316092
100000000000817950830763
10000000000071713278732
100000000000731463449220
10000000000052284780205
100000000000113756137820
100000000000733042037692
100000000000326215218290
100000000000647555962727
100000000000161334560387
100000000000515413029255
100000000000709552759487
100000000000715694549159
100000000000279496942719
100000000000809081323724
10000000000050557384142
100000000000517820057623
100000000000415758618131
100000000000235913826771
10000000000036225437627
10000000000075073092800
10000000000090335399092
100000000000324096339165
100000000000284986642169
100000000000443285092977
100000000000439071902024
100000000000142000409870
100000000000739303808294
100000000000625874310078
100000000000350243655001
100000000000807627408210
100000000000799524869783
100000000000899876806813
100000000000710863057052
100000000000109720746690
100000000000640970832472
100000000000498152844699
100000000000213535886480
10000000000036294081710
100000000000530983779539
100000000000796247130889
100000000000275126464246
100000000000794362048014
100000000000780075526389
100000000000292775352773
100000000000445174730769
100000000000302779247154
100000000000672288218723
100000000000475671124715
100000000000442624983071
100000000000328886010022
100000000000361825303747
100000000000400014978777
100000000000149392566186
100000000000869095034665
100000000000627739746428
